0,701,855,83,189,212,79
1,804,118,212
2,212
3,212
4,305,216,42,950,741,776,45
5,971,28
6,212,960
7,353,748,212
8,815
9,957,509,548,511,923,583,526,587,711,404,49,832,184,393,246,212,695,391,240,845
10,187,721,28
11,509,535,426,855,885,353,818,603,89,553,448,913
12,212
13,42
14,462,173
15,212
17,67,584
16,760,81,212
19,66,464,860,221,289,731,190,597,906,53,212,454,964
18,666
21,984,28,879
20,212
23,374,429,974,936,212,196,960,105
22,212
25,212
24,139,236,443,233,613,799,282,798,914,345,224,970,256,973,904,144,212,28,965
27,621
26,42
29,584
28,206,682,5,818,142,828,559,619,10,890,557,736,627,626,21,157,561,932,24,264,814,271,150,652,237,789,984,654,716,501,647,497,971,532,187,730,670,359,55,428,112,487,542,124,723,966,659
31,212
30,324,353,212,419,929
34,821,248,364,485,212,888,452
35,152
32,855,596,212
33,666
38,212
39,970,212,167
36,971,84,565,848,276,584
37,326,84,528,584,929,391,464
42,275,70,4,129,13,405,700,766,562,457,146,26,330,931,373,169,579,306,853,859,525,977,527,316,107,319,732,114,248,295,660,843,122,183,726
43,212
40,158,276,584,720,391,895,60
41,624
46,984,666
47,933,756,860
44,815
45,184,4,398,353,475,278,212,776
51,212
50,212
49,610,608,817,278,887,67,9,79,466,944,895,284,462,259,763,86,699,334,873,992,265,391,451,713,653,175,98,308,173,584,433,526,706,708,376,498,669,832,772,907,490,246,543,366,299,123,421,896
48,621
55,28
54,313
53,100,324,19,212,400,656
52,212
59,804,100,855,212,704
58,212
57,716
56,584,438
63,584
62,578,313
61,291,338,680,584,212,553
60,460,869,320,584,40,133
68,666,303
69,855,173
70,42
71,927,816,212,950,776
64,429,212,960
65,212,89
66,100,19,855,470,212,814
67,821,608,340,817,825,466,464,672,17,85,259,84,392,929,451,516,173,433,526,376,861,425,49,832,534,771,246,179,543,421,964
76,233,212
77,212,363
78,584,662
79,713,0,49,772,173,433
72,84,631,528,313
73,212,345
74,212,365
75,854,622,913
85,119,909,548,67,584,585
84,880,817,474,200,67,276,199,616,676,951,72,825,944,464,672,153,565,154,392,867,334,451,808,929,712,715,442,511,234,36,37,370,918,584,111,502,526,706,835,669,909,490,485,178,366,603,896
87,374,212
86,425,49,584,433,88
81,16,118,184,535,698,414,491,212,281
80,666
83,0,427,905,212,89
82,212
93,212
92,352,716,862
95,212
94,212
89,957,751,65,11,701,698,83,694,212,266,454,810,150,998,304,175,233,705,707,167,643,224,973,603,125,900,123,966
88,279,173,948,584,433,678,552,425,534,86,261,543,452,269,930
91,815
90,324,848,855,212,622
102,136,666
103,324,212,622
100,596,53,66,212,59,135
101,212,418
98,49,583,584
99,305,614,212,432,776
96,254,807,412,470,212
97,517,212,365
110,212
111,84,584,199,929
108,136,212,363
109,988,212,637
106,173
107,42
104,273,212
105,429,23,266,212
119,85,969,154,594,399,869,308,904,584,558,743
118,1,81,855,311,212,213,874,452,792
117,750,212,673
116,442,584,498
115,910,445,212
114,42
113,850,212,350,133,164
112,971,626,184,701,156,682,818,647,28
127,212
126,611,212,967
125,939,212,89,270
124,28
123,608,49,584,89,915
122,802,904,42
121,804,212
120,972,584
137,212,435
136,102,666,159,755,108,846
139,649,705,212,282,24,813,363,269
138,212
141,212
140,356,304,701,597,475,212
143,130
142,28
129,42
128,249
131,770,618,756
130,716,143,176,384,930
133,175,855,233,470,622,404,710,701,353,905,113,212,755,486,452,808,451,965,60
132,816,203,530,212,225
135,100,412,212
134,621
152,851,35,274,823,609,235,683,716,819,382,892,522,980,668,327,940,185,598,837,754,876,182,209,568
153,84,817,212
154,119,258,84,548,528,904,584,695
155,212,435
156,184,701,682,112,212,647
157,28
158,584,40
159,136,666
144,989,212,24
145,212
146,42
147,212,452
148,212
149,356,289,838,529,716,323,842,875,436
150,89,28
151,666
171,212
170,510,816,584,707,603,449
169,217,562,973,42
168,212
175,49,510,392,699,939,212,603,89,133
174,324,855,666,755,451
173,272,279,817,948,678,944,14,552,673,699,261,516,790,651,433,312,526,425,775,49,191,179,543,421,778,881,69,608,339,615,612,749,336,67,738,348,79,347,895,993,997,88,986,715,991,106,983,249,246,964
172,427,212
163,621,727
162,584
161,212
160,666
167,791,39,212,89,302,318
166,343,258,584
165,941,212,452,198,999,793,448,329
164,113,622,779,913
186,530,212
187,10,28
184,682,475,312,9,647,287,711,45,941,731,359,701,156,81,353,112,364,212,452,657,898,301
185,152
190,19,731,701,413,212,400,486,602,808
191,173
188,756
189,0,584
178,880,84,909,442,817,584,992,929
179,326,548,528,173,67,644,464
176,130
177,212
182,152
183,716,42
180,666
181,212
205,666,995,846
204,957,454,688
207,942,597,886,903,212,539
206,28
201,258,584,675
200,84,584
203,445,470,212,282,663,132
202,212
197,372,212
196,23,666
199,84,909,584,111
198,420,165,688
193,342,212
192,584
195,905,212
194,791,596,212,363,448
220,427,212,965
221,19,212
222,584
223,530,212
216,4,659,913
217,324,169,601,470,212
218,674,913
219,212
212,0,1,2,3,6,7,9,12,15,16,19,20,23,22,25,24,31,30,34,32,38,39,43,45,51,50,53,52,59,58,61,71,64,65,66,76,77,73,74,87,81,83,82,93,95,94,89,90,103,100,101,99,96,97,110,108,109,104,105,118,117,115,113,127,126,125,121,137,139,138,141,140,133,132,135,153,155,156,144,145,147,148,171,168,175,172,161,167,165,186,184,190,177,181,207,203,202,197,193,195,194,220,221,223,217,219,213,214,215,208,210,233,231,227,226,225,254,255,252,253,250,242,273,278,277,282,281,280,287,256,257,260,266,267,270,269,305,304,307,310,315,314,317,318,292,293,294,298,301,302,343,342,341,338,350,349,346,345,324,325,322,321,335,333,331,328,375,374,368,371,380,377,355,364,365,367,360,361,362,363,410,409,414,415,412,413,402,403,400,401,406,404,393,399,398,387,386,385,440,441,443,444,445,447,432,434,435,437,427,429,431,430,417,416,419,418,423,478,479,476,477,472,473,470,468,467,465,463,461,460,459,456,455,454,453,452,451,449,508,509,510,504,506,507,503,499,495,494,489,491,486,481,483,482,551,549,546,547,545,558,556,554,555,553,567,566,560,573,571,570,517,518,512,515,524,521,523,535,530,539,611,614,617,622,623,620,625,630,635,632,637,580,582,586,589,593,597,599,601,605,604,607,684,680,677,674,703,701,698,696,697,694,692,693,690,689,655,649,648,650,665,667,661,663,656,658,747,744,751,750,748,739,737,743,742,762,760,761,764,752,753,757,716,718,705,704,707,711,728,731,734,735,721,722,724,727,822,816,829,831,830,824,827,826,804,807,800,801,803,812,813,808,809,810,791,788,786,785,784,799,798,797,796,793,792,769,782,783,780,781,776,884,886,889,888,891,893,865,866,868,874,877,878,850,849,848,855,856,832,839,841,956,957,954,955,950,951,945,947,941,942,937,936,939,938,927,925,922,923,920,921,919,916,917,914,912,911,910,908,906,905,903,901,900,898,897,896,995,996,999,998,990,988,989,978,976,975,974,973,963,962,961,960,967,965
213,118,701,597,855,475,212,622,792,860
214,212
215,212,776
208,212
209,152
210,212,225
211,815
239,584
238,544
237,28
236,818,24,840,879,621
235,152
234,84,584,929
233,957,939,76,212,24,89,133,877,965
232,313,285
231,939,212
230,666,470,643
229,584,919
228,544
227,530,212
226,212
225,698,445,530,212,132,965,210
224,412,584,24,89
254,96,212,690
255,212,483
252,791,212,704
253,684,212
250,427,212
251,439,913
248,34,885,42
249,687,716,544,173,584,128,644,949,621,806,969,296,934,243
246,49,772,817,953,173,67,9,350
247,666
244,353,771,904,584,743
245,584
242,375,848,868,212,380,465
243,249
240,343,885,584,9
241,584
275,42,843,319
274,668,152
273,212,104,363
272,173
279,173,993,88
278,258,821,49,787,699,353,212,45
277,212
276,339,36,370,584,40,951,706,84,534,904,994,265,421,329
283,815
282,304,139,203,212,24,622,345,363
281,81,212
280,212
287,427,184,855,770,475,212,776
286,584
285,232,313
284,713,49,584
258,516,511,201,787,278,445,680,370,584,918,979,166,553,595,154,832,353,904,485,813,333,929
259,713,49,67,584,675
256,443,212,24
257,839,212
262,612,815,811
263,544
260,324,470,212,622
261,173,88
266,429,212,365,89,105
267,749,212
264,28
265,49,772,409,276,584,376,657,861
270,212,125
271,984,723,28
268,756
269,139,212,88
305,855,4,631,99,212,737,602,809
304,630,140,954,212,282,400,874,917,89
307,212
306,42
309,584
308,119,49,408,584
311,118,621
310,212
313,577,716,232,646,72,496,285,642,773,968,631,54,62,811
312,184,173,433
315,212,814,363
314,324,698,597,855,212
317,212
316,42
319,275,42
318,212,677,167,363
288,666
289,19,149,673
290,634,621
291,666,61
292,212
293,654,855,212
294,599,473,212
295,42
296,249
297,621
298,212,879
299,49,528,584
300,584,919
301,971,626,184,359,212,452
302,530,212,167,965
303,68,868,666
343,212,585,166,240
342,212,193,659,363
341,735,212
340,67,584
339,817,173,276,584
338,971,957,408,855,818,212,452,61
337,621
336,173
351,982
350,113,246,212
349,803,212
348,173
347,173
346,212
345,803,212,282,24,73
344,584
326,745,511,37,584,179,944,894,845
327,152
324,516,103,885,174,368,816,784,400,314,711,832,943,325,731,217,696,260,973,53,601,212,90,30
325,324,442,963,212
322,212,621
323,149
320,631,802,719,584,485,434,759,894,60
321,975,212
334,84,49,869,528,584
335,212
332,621
333,258,461,353,212
330,42
331,212,950,711
328,212,919,434
329,276,904,584,165
373,42
372,197,709,808,621
375,868,212,242
374,87,23,212
369,958,469,688
368,324,978,212
371,212,482
370,258,84,924,565,276,584,992
381,584
380,987,848,212,242,879,811
383,584
382,152
377,212
376,986,608,49,772,67,584,484,265,391
379,584
378,909,442,474,584,992,451,498,464
356,508,140,842,436,149
357,756
358,666
359,984,855,818,619,950,971,626,184,701,973,561,809,301,28
352,409,649,92
353,821,924,855,278,445,954,7,584,11,133,622,45,258,184,975,528,939,244,333,30
354,815
355,212
364,34,184,212,929
365,429,97,266,212,74
366,84,49,584
367,698,212
360,212
361,212
362,988,212,776
363,342,611,139,273,473,282,77,315,108,914,194,318,761,212,454,814
410,973,212
411,475,913
408,338,308,905,584
409,509,352,212,265
414,81,597,212
415,212
412,96,506,212,135,224
413,848,190,904,212
402,475,212
403,212
400,508,804,304,324,855,190,816,53,904,921,212,711
401,212
406,212
407,584
404,475,923,648,212,9,603,452,133
405,42,843
395,913
394,913
393,212,9
392,84,175,817,869,905,939,67,584,992,498
399,119,212,451
398,731,614,904,212,45
397,666
396,621
387,212
386,212
385,973,212
384,624,855,130
391,49,528,37,584,9,40,929,944,376,894
390,584
389,666
388,666
440,212
441,530,212
442,474,584,434,616,588,378,84,595,116,325,937,178,992
443,256,799,212,24
444,212
445,258,669,744,115,353,203,697,541,212,656,225,776
446,815
447,545,212
432,99,212
433,713,608,173,67,584,312,79,944,895,425,462,49,772,86,699,421,88
434,442,744,320,212,692,877,328
435,137,155,212
436,356,622,149
437,212
438,584,56
439,251,666,856
425,462,86,173,67,678,433,88
424,688
427,509,172,705,950,287,824,220,567,250,83,803,212,603,900,452,810
426,584,11
429,64,23,266,212,782,365,693,796,105
428,730,890,28
431,530,212,622
430,905,993,212
417,855,212,797,451,553
416,701,458,212
419,212,656,30
418,804,101,212
421,533,49,882,817,173,276,67,904,433,676,675,464
420,509,198,688
423,212
422,913
478,212,622
479,212,451
476,212
477,818,212
474,84,442,584,378
475,411,855,140,402,950,287,521,404,792,45,913,184,701,213,808,605
472,212
473,294,599,212,363
470,957,855,854,203,96,66,230,586,133,622,741,461,760,217,630,905,260,939,530,212,454,961,452,808
471,913
468,745,212,757
469,369,688
466,49,67,584
467,212
464,516,924,548,787,37,67,584,825,895,498,378,672,710,84,19,943,563,869,904,179,778,421,845,964
465,212,242
463,212,600
462,425,49,869,528,993,584,992,433,14
461,470,212,753,333
460,212,603,795,60
459,760,701,212
458,619,416,688
457,42
456,212
455,212
454,204,19,470,212,89,622,481,363,792
453,212,617,998
452,34,880,578,855,338,954,470,133,711,404,165,792,118,184,427,597,699,212,147,451,88,898,301
451,516,479,848,174,67,584,133,983,498,378,84,49,832,399,417,212,992,573,452,929,811
450,544
449,170,212
448,11,165,793,194,621
508,356,493,855,904,212,400,622
509,652,427,409,920,212,9,11,420
510,170,175,212
511,326,258,84,528,584,9
504,212
505,544
506,968,698,412,905,212,622
507,212
500,982
501,28
502,84,584
503,212
496,313
497,28
498,880,817,584,464,378,669,49,909,116,392,490,929,451,896
499,212
493,508,623,913
492,756
495,212
494,212
489,803,212,752
488,576,688
491,81,212,643
490,84,669,49,817,584,498
485,34,258,84,320,584,992
484,584,919,992,376
487,530,28
486,701,190,212,133
481,750,212,454
480,584
483,255,212
482,371,212
550,666
551,212
548,85,608,154,584,9,695,179,706,929,464,672,845
549,212
546,212
547,212
544,238,578,519,959,505,514,228,767,263,249,928,450,844,538
545,447,212
558,119,212,929
559,28
556,212
557,745,28
554,728,212
555,212
552,173,88
553,258,924,904,417,212,573,11,61
567,427,939,718,212,901
566,212
565,971,84,36,370,904,584,825,996
564,971,938,621
563,584,464
562,169,42
561,359,28
560,212
575,584
574,666
573,212,451,553
572,597,621
571,212,693
570,212
569,666,541
568,152
516,258,324,173,67,451,464
517,97,212
518,212
519,544
512,212
513,905,621
514,544
515,212
524,212
525,42
526,84,49,817,173,67,584,992,9
527,42
520,815
521,475,212,604
522,152
523,212
533,817,584,421,894
532,28
535,81,212,11
534,848,276,67,584,88
529,149
528,821,924,511,787,37,584,706,72,894,462,154,699,353,334,179,299,994,391,657,845
531,763,592,584
530,441,470,830,227,132,225,186,223,937,734,431,735,212,487,605,658,302
541,865,445,666,569
540,584
543,49,173,67,88
542,28
537,621
536,621
539,207,212
538,544
610,49,584
611,212,126,363
608,713,49,548,173,67,584,433,123,376
609,152
614,848,398,99,212
615,173
612,262,173
613,24,621
618,131,756,860
619,971,626,359,458,647,28
616,84,442,584
617,212,453
622,478,816,470,282,831,133,675,75,941,703,260,212,213,454,994,808,90,508,103,855,506,436,795,164,597,353,431,973,603
623,493,212
620,212
621,820,744,681,337,613,950,741,134,564,322,396,634,332,27,572,879,448,372,236,714,513,311,163,774,970,290,833,48,664,596,249,297,840,602,537,536
627,28
626,359,112,619,28,301
625,212
624,716,41,384,638
631,305,320,313,72
630,304,470,212
629,666
628,666
635,212
634,290,621
633,713,584
632,601,212
639,913
638,624
637,855,988,212,109
636,688
576,488,688
577,313
578,544,452,62
579,42
580,925,212
581,666
582,212,792
583,98,584,9
584,821,548,276,825,286,284,258,17,259,565,563,802,575,265,29,787,309,308,36,37,40,526,794,533,49,772,534,771,528,768,531,540,299,56,300,63,61,60,610,880,608,882,340,339,887,616,78,894,344,326,85,84,867,86,869,870,320,334,873,633,88,329,855,98,370,852,583,381,858,111,383,857,587,863,588,376,379,861,378,591,119,592,835,595,116,594,353,366,603,123,120,606,845,408,953,676,675,407,672,154,943,392,158,695,391,929,390,653,170,442,924,918,433,162,641,915,166,640,438,669,909,426,907,904,189,178,662,657,746,745,201,474,200,199,466,192,464,763,462,222,992,755,994,451,759,986,239,713,987,712,511,985,234,719,979,502,229,706,708,498,981,710,224,249,972,490,485,484,244,245,725,480,240,241
585,343,85,805,913
586,470,212
587,987,584,9
588,442,584
589,212,723,776
590,815
591,584,794,981
593,212
592,531,584,981
595,258,442,584
594,119,584
597,207,414,140,989,314,622,865,19,731,698,212,213,572,452
596,100,32,707,194,621
599,294,473,212,643
598,152
601,324,217,212,632
600,463,815,946
603,84,170,669,427,460,175,584,11,89,622,404
602,305,760,190,711,792,621
605,475,530,212,877
604,212,521
607,833,855,212
606,804,584
687,969,249
686,861,913
685,666
684,253,212
683,152
682,184,701,156,112,28,809
681,621
680,258,212,61
679,716,935
678,425,173,88,861
677,212,919,318
676,84,817,584,421
675,259,201,584,421,622
674,218,212
673,289,117,173
672,84,548,67,584,464
702,982
703,212,622
700,42
701,0,682,475,140,133,971,184,359,459,190,156,112,212,416,213,722,486,89
698,731,81,597,506,963,212,314,367,89,225
699,49,175,278,528,173,433,452,944
696,324,212
697,445,212
694,855,212,89
695,154,548,584,9
692,744,212,891,434,995
693,429,212,571
690,254,733,212
691,756
688,576,204,958,369,716,469,198,424,671,488,458,420,636,777
689,212
653,49,584,981
652,509,28
655,212
654,293,933,28
649,139,352,212
648,212,404
651,173
650,212
645,816,913
644,249,179,706
647,184,156,112,818,619,28
646,313
641,584
640,584
643,599,491,230,89,913
642,313
668,152,274
669,84,49,855,445,490,584,603,951,498
670,789,28
671,688
664,621
665,884,212
666,550,205,68,136,685,952,196,18,80,397,629,628,159,871,574,569,389,151,388,102,33,717,716,174,581,854,230,160,709,46,439,288,358,291,836,541,720,902,247,846,847,180,303
667,212,843
660,42
661,746,212
662,584,78
663,807,203,212
656,731,445,53,212,419
657,986,184,528,584,265,706
658,530,212
659,342,789,216,28
747,212
746,584,661
745,326,924,584,468,557
744,445,988,212,434,692,741,621
751,212,89
750,117,212,481
749,790,173,267,997
748,7,212
739,212
738,173
737,305,212
736,28
743,119,212,992,244
742,212
741,744,4,470,808,711,621
740,913
762,212,776
763,49,531,584
760,16,459,470,212,602,808
761,212,363
766,42
767,544,928
764,212
765,814,913
754,152
755,136,174,584,706,133
752,489,212
753,461,212
758,933,756
759,940,320,584
756,716,618,131,47,860,357,492,733,188,933,758,691,268
757,212,468
713,987,259,608,49,584,433,633,79,896,284
712,84,904,584
715,84,173
714,621
717,666
716,679,313,130,982,913,152,624,838,666,249,212,92,57,815,149,183,28,688,756
719,320,584
718,567,212,824
705,427,139,212,89
704,252,212,59
707,170,596,785,212,89
706,84,49,548,528,276,584,644,755,657
709,372,666
708,49,584
711,184,324,855,212,9,400,452,602,331,999,741
710,584,133,464
728,848,212,554
729,913
730,428,803,28
731,184,324,19,698,597,190,398,212,656,793
732,42
733,690,756
734,530,212,727
735,341,801,530,212,961
720,666,40
721,212,10
722,701,212
723,984,28,271,589
724,848,212
725,584
726,42
727,734,163,212
821,34,353,278,528,67,584,845
820,621
823,152
822,212
817,882,339,173,67,526,951,676,498,533,153,84,49,392,490,178,246,421
816,941,170,324,71,905,645,212,400,622,132
819,152
818,971,957,236,359,477,338,112,647,11,28
829,212
828,28
831,212,622
830,530,212
825,880,84,565,67,904,584,992,464
824,427,905,718,212
827,939,212
826,212
804,1,989,212,59,857,400,418,121,606
805,585,913
806,969,249
807,96,212,663
800,212
801,735,212
802,320,584,122
803,427,730,489,855,212,933,349,345
812,212
813,258,139,212
814,66,765,315,951,28,966,776,363
815,926,716,446,283,8,520,44,590,946,864,834,262,354,600,91,211
808,84,372,760,190,475,470,212,622,133,741,879
809,305,359,682,212
810,427,212,901,89
811,262,313,380,451
791,252,212,167,793,194,860
790,173,749
789,670,28,659
788,212
787,258,924,278,528,584,464
786,212
785,975,212,707
784,324,212
799,443,212,24,914,877,965
798,212,24
797,417,212,776
796,429,212
795,849,460,622,913
794,584,591
793,791,731,212,165,448
792,118,475,906,582,212,454,213,995,452,602,878
774,621
775,173
772,49,584,246,433,265,79,376
773,313
770,883,131,287,913
771,67,584,244
768,584
769,212
782,429,212
783,212
780,909,212
781,212,777
778,880,173,464
779,164,913
776,984,71,4,445,99,797,951,287,589,45,762,212,814,215,878,362
777,781,688
881,173
880,84,943,584,178,452,825,778,929,498
883,770,913
882,817,584,421
885,324,248,859,11,240,913
884,665,212
887,49,584
886,207,854,212
889,212
888,34,212,856
891,212,692
890,428,28
893,212
892,152
895,49,173,433,40,464
894,326,533,855,528,320,584,992,391
864,815
865,597,855,541,212,916
866,212
867,84,584
868,375,848,212,242,303
869,119,462,392,334,584,464,60
870,584
871,666
872,913
873,49,584,964
874,118,304,212
875,149
876,152
877,233,799,212,919,434,605,879
878,212,776,792
879,236,21,380,298,808,877,621
851,152
850,113,212
849,212,795
848,728,534,868,614,36,413,212,380,242,724,451,90
855,0,69,338,475,66,954,470,400,11,133,287,622,894,941,865,803,212,694,213,452,384,637,90,508,305,32,174,988,584,314,856,711,669,118,359,293,353,973,417,59,607,896
854,666,886,470,75
853,42
852,584
859,885,42
858,584
857,804,584
856,855,212,888,965,439
863,584
862,92
861,686,67,584,678,265
860,791,19,618,933,213,47,756
834,815
835,84,584
832,258,49,324,67,904,212,9,451
833,607,621
838,716,149
839,257,212
836,666
837,152
842,356,149
843,275,667,42,405
840,236,621
841,212
846,205,136,666
847,666
844,544
845,326,821,548,528,584,9,464
956,212
957,204,338,233,818,470,212,9,89
958,369,688
959,544
952,666
953,584,246
954,304,855,353,212,452
955,212
948,173,88,930
949,249
950,427,71,359,4,475,212,331,621
951,84,669,817,276,212,814,776
944,326,84,49,924,699,173,433,391
945,212
946,600,815
947,212
941,184,855,816,212,622,165
940,152,759
943,880,324,904,584,992,464
942,207,212
937,442,530,212
936,23,212
939,567,392,175,353,233,470,231,212,125,827
938,564,212
933,654,803,758,47,756,860
932,28
935,679
934,249
929,880,548,234,67,37,584,558,111,498,258,84,364,178,451,391,30
928,767,544
931,42
930,948,130,983,88
926,815
927,71,212
924,745,787,353,528,370,584,944,464,553
925,580,212
922,212
923,993,212,9,404
920,509,212
921,212,400
918,258,84,584,992
919,212,484,677,229,300,877,328
916,865,212
917,304,212
914,799,212,24,363
915,584,123
912,212
913,686,411,883,885,475,471,11,75,740,395,394,805,216,218,765,872,639,716,988,645,585,795,643,164,493,729,770,251,779,422
911,975,212
910,115,212
909,85,84,584,178,780,199,498,378
908,212
907,49,584
906,19,212,792
905,408,392,816,513,83,506,430,470,212,133,824,195
904,508,712,413,276,584,400,825,464,553,258,119,565,154,832,943,398,24,244,421,122,329
903,207,212
902,666
901,567,212,810
900,427,212,89
899,982
898,184,212,452
897,212
896,713,84,49,855,212,498
993,462,279,923,173,430
992,986,442,370,918,584,526,825,743,378,894,462,49,943,392,485,178,484,451
995,205,212,692,792
994,528,276,584,622
997,173,749
996,565,212
999,212,165,711
998,212,453,89
986,173,584,992,376,657
987,713,584,380,587
984,359,21,723,46,28,271,776
985,584
990,212
991,173
988,744,855,212,109,362,637,913
989,804,597,144,212
978,368,212
979,258,584
976,212
977,42
982,702,716,500,351,899
983,173,451,930
980,152
981,653,592,584,591
971,565,564,359,701,338,5,36,112,818,619,28,301
970,39,24,621
969,119,687,806,249
968,506,313
975,911,353,785,321,212
974,23,212
973,410,324,169,359,855,212,24,385,89,622
972,584,120
963,325,698,212
962,212
961,735,470,212
960,64,6,23,212
967,212,126
966,814,89,28
965,220,233,799,212,24,856,133,225,302
962,50
