1	0
2	0
3	0
4	0
5	0
6	0
7	0
8	0
9	0
10	0
11	0
12	0
13	0
14	0
15	0
16	0
17	0
18	0
19	0
20	0
21	0
22	0
23	1
24	1
25	0
26	0
27	2
28	1
29	3
30	6
31	10
32	13
33	19
34	29
35	34
36	42
37	66
38	81
39	113
40	127
41	146
42	182
43	202
44	222
45	278
46	306
47	313
48	367
49	388
50	368
51	442
52	452
53	389
54	412
55	400
56	403
57	371
58	378
59	352
60	331
61	280
62	275
63	238
64	229
65	205
66	194
67	172
68	163
69	135
70	133
71	113
72	94
73	88
74	68
75	69
76	64
77	50
78	34
79	26
80	30
81	14
82	11
83	18
84	8
85	8
86	7
87	5
88	4
89	2
90	3
91	4
92	1
93	1
94	0
95	3
96	1
