1	0
2	0
3	0
4	0
5	0
6	0
7	0
8	0
9	0
10	0
11	0
12	0
13	0
14	0
15	0
16	0
17	0
18	0
19	0
20	0
21	0
22	0
23	0
24	0
25	0
26	0
27	3
28	1
29	3
30	2
31	7
32	10
33	23
34	24
35	50
36	61
37	70
38	85
39	113
40	136
41	162
42	192
43	217
44	272
45	293
46	287
47	323
48	376
49	366
50	372
51	394
52	388
53	414
54	363
55	397
56	402
57	424
58	360
59	353
60	287
61	273
62	310
63	255
64	245
65	184
66	189
67	158
68	156
69	134
70	128
71	110
72	105
73	90
74	73
75	62
76	50
77	44
78	34
79	35
80	30
81	24
82	7
83	20
84	10
85	10
86	6
87	5
88	1
89	2
90	4
91	2
92	4
93	2
94	1
95	1
96	0
97	2
98	1
99	1
100	1
101	0
102	1
