1	0
2	0
3	0
4	0
5	0
6	0
7	0
8	0
9	0
10	0
11	0
12	0
13	0
14	0
15	0
16	0
17	0
18	0
19	0
20	0
21	0
22	0
23	0
24	0
25	0
26	0
27	0
28	0
29	0
30	0
31	0
32	0
33	0
34	0
35	0
36	0
37	0
38	0
39	1
40	0
41	0
42	0
43	1
44	1
45	2
46	2
47	0
48	0
49	4
50	5
51	5
52	12
53	9
54	15
55	5
56	6
57	19
58	24
59	18
60	24
61	29
62	32
63	41
64	41
65	36
66	43
67	43
68	63
69	74
70	73
71	87
72	96
73	100
74	125
75	130
76	139
77	155
78	177
79	205
80	212
81	239
82	254
83	261
84	284
85	290
86	321
87	332
88	359
89	380
90	358
91	342
92	350
93	352
94	347
95	358
96	308
97	312
98	278
99	270
100	267
101	239
102	213
103	191
104	156
105	135
106	106
107	121
108	82
109	78
110	70
111	54
112	46
113	41
114	29
115	33
116	19
117	14
118	16
119	10
120	11
121	4
122	4
123	5
124	1
125	2
126	1
127	0
128	2
129	1
