1	0
2	0
3	0
4	0
5	0
6	0
7	0
8	0
9	0
10	0
11	0
12	0
13	0
14	0
15	0
16	0
17	0
18	0
19	0
20	0
21	0
22	0
23	0
24	0
25	0
26	0
27	0
28	0
29	0
30	0
31	0
32	0
33	0
34	0
35	0
36	0
37	0
38	0
39	0
40	1
41	0
42	0
43	0
44	0
45	0
46	2
47	1
48	2
49	2
50	4
51	4
52	8
53	8
54	8
55	11
56	11
57	15
58	12
59	20
60	23
61	24
62	30
63	37
64	47
65	34
66	47
67	42
68	66
69	57
70	70
71	74
72	74
73	101
74	91
75	116
76	131
77	142
78	184
79	170
80	223
81	223
82	265
83	270
84	289
85	315
86	333
87	353
88	368
89	349
90	369
91	414
92	354
93	338
94	345
95	312
96	300
97	325
98	301
99	249
100	255
101	257
102	202
103	204
104	179
105	160
106	124
107	125
108	91
109	74
110	64
111	55
112	46
113	38
114	37
115	33
116	17
117	20
118	11
119	12
120	11
121	3
122	5
123	4
124	2
125	2
126	1
127	1
128	1
129	0
130	0
131	0
132	0
133	1
134	0
135	1
