1	0
2	0
3	0
4	0
5	0
6	0
7	0
8	0
9	0
10	0
11	0
12	0
13	0
14	0
15	0
16	0
17	0
18	0
19	0
20	0
21	0
22	0
23	0
24	0
25	0
26	0
27	0
28	2
29	5
30	7
31	8
32	3
33	10
34	19
35	42
36	42
37	71
38	91
39	99
40	129
41	163
42	179
43	248
44	237
45	263
46	285
47	340
48	362
49	388
50	368
51	414
52	397
53	384
54	410
55	387
56	379
57	386
58	331
59	330
60	328
61	292
62	254
63	244
64	232
65	236
66	183
67	183
68	165
69	139
70	139
71	121
72	107
73	86
74	85
75	83
76	59
77	60
78	41
79	37
80	30
81	21
82	24
83	14
84	14
85	19
86	7
87	7
88	2
89	1
90	3
91	2
92	1
93	0
94	0
95	1
96	1
