1	0
2	0
3	0
4	0
5	0
6	0
7	0
8	0
9	0
10	0
11	0
12	0
13	0
14	0
15	0
16	0
17	0
18	0
19	0
20	0
21	0
22	0
23	0
24	0
25	0
26	1
27	1
28	2
29	0
30	6
31	13
32	14
33	14
34	20
35	33
36	42
37	64
38	74
39	110
40	146
41	191
42	180
43	217
44	280
45	276
46	318
47	375
48	352
49	385
50	375
51	418
52	405
53	438
54	405
55	422
56	386
57	385
58	351
59	309
60	315
61	292
62	262
63	271
64	237
65	229
66	167
67	152
68	139
69	155
70	104
71	90
72	109
73	68
74	60
75	61
76	49
77	40
78	32
79	34
80	21
81	22
82	22
83	9
84	17
85	4
86	3
87	5
88	2
89	5
90	2
91	3
92	5
93	2
94	1
95	0
96	2
97	0
98	0
99	0
100	0
101	0
102	0
103	1
