1	0
2	0
3	0
4	0
5	0
6	0
7	0
8	0
9	0
10	0
11	0
12	0
13	0
14	0
15	0
16	0
17	0
18	0
19	0
20	0
21	0
22	0
23	0
24	0
25	0
26	0
27	0
28	0
29	0
30	0
31	0
32	0
33	0
34	0
35	0
36	0
37	0
38	0
39	0
40	0
41	0
42	0
43	1
44	0
45	1
46	0
47	0
48	3
49	1
50	3
51	5
52	6
53	5
54	12
55	10
56	10
57	19
58	20
59	19
60	17
61	28
62	38
63	31
64	40
65	49
66	45
67	60
68	65
69	59
70	78
71	103
72	105
73	99
74	124
75	130
76	132
77	168
78	177
79	215
80	247
81	231
82	266
83	288
84	301
85	311
86	322
87	327
88	324
89	338
90	368
91	353
92	373
93	385
94	315
95	341
96	347
97	275
98	280
99	263
100	256
101	212
102	217
103	177
104	150
105	128
106	123
107	93
108	96
109	76
110	71
111	58
112	50
113	31
114	24
115	19
116	24
117	12
118	12
119	6
120	8
121	3
122	6
123	5
124	3
125	2
126	1
127	2
128	1
129	0
130	0
131	1
