1	0
2	0
3	0
4	0
5	0
6	0
7	0
8	0
9	0
10	0
11	0
12	0
13	0
14	0
15	0
16	0
17	0
18	0
19	0
20	0
21	0
22	0
23	1
24	2
25	1
26	6
27	7
28	23
29	16
30	41
31	76
32	91
33	113
34	157
35	191
36	216
37	272
38	346
39	375
40	403
41	465
42	500
43	535
44	523
45	575
46	499
47	517
48	458
49	476
50	430
51	405
52	351
53	329
54	293
55	228
56	186
57	186
58	135
59	130
60	98
61	79
62	67
63	53
64	29
65	30
66	18
67	19
68	12
69	7
70	13
71	5
72	3
73	2
74	1
75	2
76	1
77	1
78	0
79	0
80	1
81	0
82	0
83	0
84	0
85	0
86	0
87	0
88	1
