1	0
2	0
3	0
4	0
5	0
6	0
7	0
8	0
9	0
10	0
11	0
12	0
13	0
14	0
15	0
16	0
17	0
18	0
19	0
20	0
21	0
22	0
23	0
24	0
25	0
26	0
27	0
28	0
29	0
30	0
31	0
32	0
33	0
34	0
35	0
36	0
37	0
38	0
39	0
40	0
41	0
42	2
43	0
44	1
45	2
46	3
47	1
48	5
49	3
50	7
51	4
52	3
53	2
54	10
55	19
56	10
57	20
58	14
59	22
60	22
61	23
62	22
63	28
64	29
65	33
66	43
67	35
68	52
69	70
70	62
71	75
72	73
73	102
74	114
75	118
76	141
77	163
78	154
79	208
80	212
81	237
82	279
83	281
84	273
85	304
86	329
87	345
88	315
89	391
90	374
91	349
92	383
93	357
94	350
95	362
96	332
97	313
98	270
99	259
100	270
101	225
102	192
103	189
104	167
105	151
106	138
107	120
108	96
109	76
110	65
111	55
112	55
113	46
114	43
115	16
116	17
117	13
118	12
119	11
120	13
121	8
122	5
123	2
124	0
125	2
126	0
127	1
128	0
129	0
130	0
131	0
132	1
133	1
