0,79
1,84,18,21
2,21
3,21
4,30,21,42,95,74,77,45
5,97,28
6,21,96
7,35,74,21
8,81
9,95,50,54,51,92,58,52,71,40,49,83,18,39,24,21,69,39,24,84
10,18,72,28
11,50,53,42,85,88,35,81,60,89,55,44,91
12,21
13,42
14,46,17
15,21
17,67,58
16,76,81,21
19,66,46,86,22,28,73,19,59,90,53,21,45,96
18,66
21,98,28,87
20,212
23,374,42,97,93,21,19,96,10
22,212
25,212
24,139,23,44,23,61,79,28,79,91,35,22,97,25,97,90,14,28,96
27,62
26,42
29,58
28,20,62,5,81,14,82,55,61,10,89,55,73,62,62,21,15,56,93,24,26,81,27,15,65,23,78,98,65,71,50,64,49,97,53,18
31,212
30,324,35,22,41,92
34,82,24,36,48,21,88,45
35,15
32,85,59,21
33,66
38,21
39,97,21,16
36,97,8,56,84,27,58
37,32,84,52,58,92,39,46
42,27,70,4,12,13,40,76,56,45,14,26,33,93,37,16,57,30,85,52,97,52,31,10,31,73,11,24,29,66,84,12,18,72
43,21
40,15,27,58,72,39,89,60
41,62
46,98,66
47,93,75,86
44,81
45,18,4,39,35,47,27,21,77
51,21
50,21
49,61,60,81,27,88,67,9,79,46,94,89,28,46,25,76,86,69,33,87,99,26,39,45,71,65,17,98
48,62
55,28
54,31
53,10,32,19,21,40,65
52,21
59,80,10,85,21,70
58,21
57,71
56,58,43
63,58
62,57,31
61,29,33,68,58,21,55
60,46,86,32,58,40,13
68,66,30
69,85,17
70,42
71,92,81,21,95,77
64,42,21,96
65,21,8
66,10,19,85,47,21,81
67,82,60,34,81,82,46,46,67,17,85,25,84,39,92,45,51,17,43,52,37,86,42,49,83,53,77,24,17,54,42,96
76,23,21
77,21,36
78,58,66
79,71,0,49,77,17,43
72,8,63,52,31
73,21,34
74,21,36
75,85,62,91
85,11,90,54,67,58,58
84,88,81,47,20,67,27,19,61,67,95,72,82,94,46,67,15,56,15,39,86,33,45,80,92,71,71,44,51,23,36,37,37,91
87,37,21
86,42,49,58,43,88
81,16,11,18,53,69,41,49,21,28
80,66
83,0,42,90,21,89
82,21
93,21
92,35,71,86
95,21
94,21
89,95,75,65,11,70,69,83,69,21,26,45,81,15,99,30,17,23,70,70,16,64,22,97,60,12,90,12,96
88,27,17,94,58,43,67,55,42,53,86,26,54,45,26,93
91,81
90,32,84,85,21,62
99,13,66
10,32,21,62
99,59,53,66,21,59,13
99,21,41
